[[-258.91556, 1566.97444, -1308.06556, 4277.40444, -4277.39556, -4473.93556, 4473.93444, -8554.83556, 8554.83444]]
Sorted:   [-8554.83556, -4473.93556, -4277.39556, -1308.06556, -258.91556, 1566.97444, 4277.40444, 4473.93444, 8554.83444]
Interval: [-1069.35431, 1069.34944]
Mean:     -4.444444332168334e-06
----------------------------------

[-258.91556, 1566.97444, -1308.06556, 4277.40444, -4277.39556, -4473.93556, 4473.93444, -8554.83556, 8554.83444]
Mean:  -4.444444332168334e-06
Ratio: 1.9999946229256471
Intervals: 
[[-258.91556, -258.91556], -258.91556]
[[-258.91556, 654.02944], 654.02944]
[[-258.91556, 654.02944], -0.0022266666666534243]
[[-258.91556, 1069.34944], 1069.34944]
[[-258.91556, 1069.34944], 0.0004399999999805004]
[[-745.65556, 1069.34944], -745.65556]
[[-745.65556, 1069.34944], 0.00015428571428596375]
[[-1069.35431, 1069.34944], -1069.35431]
[[-1069.35431, 1069.34944], -4.444444332168334e-06]

[[-258.91556, -1308.06556, 1566.97444, -4277.39556, 4277.40444, -4473.93556, 4473.93444, -8554.83556, 8554.83444]]
Best Intervals: 
[[-258.91556, -258.91556], -258.91556]
[[-783.49056, -258.91556], -783.49056]
[[-783.49056, -0.0022266666666534243], -0.0022266666666534243]
[[-1069.3505599999999, -0.0022266666666534243], -1069.3505599999999]
[[-1069.3505599999999, 0.00044000000016239935], 0.00044000000016239935]
[[-1069.3505599999999, 0.00044000000016239935], -745.6555599999998]
[[-1069.3505599999999, 0.00044000000016239935], 0.00015428571441589156]
[[-1069.3543099999997, 0.00044000000016239935], -1069.3543099999997]
[[-1069.3543099999997, 0.00044000000016239935], -4.4444441300584e-06]

-------------------------------------------------

